17671619167
15717806920
15871208828
18696169989
15172527302
13638667707
16671017020
15527146526
18571619819
15219930998
15871362539
13636033982
18114497541
15387001844
13339997920
18140569227
15902783566
13129908528
19876860058
17771562318
13886232414
18221516874
17671635741
15537539272
15871549956
13212752791
18071819660
15927418771
13329709626
13476670331
18186138219
15327340060
13071205206
18062017227
18771861461
18827534581
18571863422
17671690242
13100740665
18671983147
13545122527
15927453328
13995734488
13871220250
15172968550
15927563028
15208539128
13396067833
18371506140
13429897077
18818854252
13972560670
15907152763
18372708287
15002756348
13377859007
15826746141
13437275985
15871444624
18871415761
13545186778
18717129279
13972505196
13100709017
18600441457
15902726896
15807183465
18637608595
13401713400
17607127667
15549720309
13667261428
15071310286
13720210618
15802750488
15272788966
13986024234
13451160477
18696362415
15827967122
13016413651
15926651528
13972266273
18672223115
15737954783
17340581157
15327395167
18695073367
16607266358
13554637069
13297003576
18638330122
15067188096
13476155643
15101070601
15997954740
18772996218
15971844810
18672785861
15972040904
18695090269
13296637113
13714309199
18871187064
15872163461
15172745290
15272676676
15971940354
15000511793
15050695026
18727051278
15172228652
13774079848
16671067360
15377567577
15872425972
18272110459
18986161549
15150466454
18674105705
18672665397
13343519841
13135684919
18971471180
18995692783
19107267653
17771862664
13397109462
18872626619
13387197525
13419617918
18171196090
13667142991
15871414703
13886598918
13554297165
15172112732
15907150489
13367250120
15827474622
18617001185
15549400535
18627906616
18627022033
13507125627
17771837793
16637696555
17671860093
13349861233
15102736872
15934478890
15018815216
13972795728
13997501154
17363313075
15107196522
13469719359
18507131209
18759131892
18202712019
18086072535
17613927216
13797063937
17771788463
18602761972
18627719943
15071119076
13469951985
18371141349
18772283939
18086060519
13986145178
13407198738
18672671024
18173080708
15827103071
13507110844
15337132961
13971574018
13197172852
17720546477
13659889737
13617160533
17375833307
13986271633
13887746212
15172316322
15927144643
15027008201
13959133361
13886177189
17771771801
17771481807
15527567911
13720201705
15971456863
18771536721
18963996951
13697971518
18271286958
13986073820
15586506216
18727797747
18201992275
15107146306
15978365559
18827291952
15927925404
15299292583
17386195992
18942912845
15870186022
13477070387
18663181078
18672246295
18933415622
15907171624
13995621051
13627125427
13997976585
18163123999
17771597786
15907167044
13264866802
13657120289
18827656365
13476036616
17671793106
15871959157
13971525118
13387631217
13476469592
18371259529
15926262055
15090804154
17671158060
13581472425
18616714283
18971066171
13580876516
15972172166
18995611707
13797322122
18872267314
13036528057
15172396523
15826928077
18327886172
13554660222
15071446881
18086077655
18827133802
13971227100
15871195777
15880168806
15827022610
13085120236
15337178996
15826755718
13986176883
18086016986
13072760426
17740503716
13227117212
15207137907
15926434012
18202751492
18871268910
13147163185
13995585010
15871710709
18163188201
18572111459
13972698771
13429826356
15335735005
17702233057
13667166225
15527921982
15807136255
18202776078
18672768293
15521174563
18963993166
13517275709
13027181778
15727016051
18972230030
15377083439
15271568280
15071439520
13757617113
18972774686
13680419141
18071890576
15629178683
18727723327
15671990101
13517191073
15902002127
15927676962
15237650172
13296696418
18271827509
18872137201
13871363193
13618624391
15527924875
13477994627
18627278333
13517100282
15272668330
18571875208
15997420410
13995653021
13971301627
15137606600
15907169268
15897805924
15827640003
18693805160
18271191222
18671169715
15926462010
18207170801
18062444691
18602750103
15367027991
18008635677
18672774221
15926848153
16671043121
18571680457
18986850034
18872851879
13986763728
15971142035
15926274099
15271609420
13707274662
15549154258
15387041746
18062770403
13886183013
18971497312
18163517620
18171380250
16607021530
13886191297
13247050897
13560486595
15872802679
15671978399
15871478313
15807136255
15158667915
18972980909
15671671390
18771089717
15272763224
13387224060
15172018811
13971178422
13387134699
13545515996
13593735923
13669095193
15337124217
13797979394
18037669233
13540321914
19107220224
16602720214
15572388000
13437133898
15327320624
15623811383
13387567195
18259698936
18129298544
18516691003
17607199544
18976064562
18696161396
13986288875
13522570822
18971067488
18871489060
18986251007
17371442805
17599457677
18727555427
18668426997
15871778033
18671088998
18086495551
13410127938
15072425858
15027124775
15172634128
15071159739
13886095571
13886817886
15807125610
18071828661
15802711021
13719652029
13307113165
15807192901
13986851103
13129944050
15827478135
15549630011
18971011811
18627091417
18771684821
13260686768
18971329917
19903763750
15018401947
15771116470
17771897294
18571613615
15607180920
18186410972
18907134612
13235600963
18672334662
15071069790
18636371740
15327412568
18827677221
17371519388
17603765131
13217206807
18571550048
17386236995
13997822546
13886464290
13033631719
18702794350
17764062735
13971495181
18627887402
15997670447
13597701395
13971686952
15171566006
18727723222
18871411175
13207163422
18162591732
18140502233
13797202079
13886026485
17521792900
18062700281
13026186146
18627783122
13554073211
18371589098
15926320548
13821470033
15527693055
17764065992
13308621520
15927700902
13006350675
15527158350
13037117370
13628665818
15826927900
18271881341
18272751799
15571590316
13251970100
13971169430
15938296930
18858290058
15007169294
13667279446
13986078573
13755057471
18995527695
15671180600
18207113735
13720166751
17671760254
15927438070
13807183797
15926362731
13476890760
15171432485
15527621941
15572390327
13235403946
18672273069
15172366788
15171680725
18871943198
15374543872
13886467198
13277986538
18295213374
15072084634
13872686628
18607198278
13035230010
15327262520
13072706253
18971381961
17702767740
15927121755
13367243101
15997122223
18671253905
13072731039
18872177642
15172389795
15387052022
18779001516
15673952723
15527225712
15072394022
18771373788
13477486619
13477551152
15927062859
13071255994
13212766288
13780316149
15827259216
13437145857
13597697303
18271816572
15061831192
18872933409
13265860953
15072427883
13720272131
13667203628
18971157942
18062329945
13871138048
13972303561
18871229762
15271284617
18872247026
13886023676
16620667608
15872432750
17671629831
15971434056
18972828236
17396126797
13971058212
13476130077
18694073588
15802747200
15727050818
18986052540
19972411435
13971550609
18086002626
18971333366
18707124557
13971617234
18608686952
13377812860
18972895313
18641170110
15157119936
18674009426
18107271586
17707292777
13627136219
13886803465
15527389363
13871380315
13886467089
13307299847
13886473005
13397187193
13329882685
17675620750
15071336818
17740654551
13995903526
13235420913
18707228889
13997568178
13552649188
13545560035
15623669657
15527875189
18207296306
18086437477
15871006231
13014980827
